NS1 NOT VALID
CN0 +1,+6,+4,+7, LN0 +9,+8,+7,+1, HN0 +1,+0,+3,+8
CN1 +5,+9,+1,+3, LN1 +3,+1,+4,+7, HN1 +5,+3,+0,+4
CN2 +9,+2,+8,+9, LN2 +7,+4,+1,+3, HN2 +9,+6,+7,+0
CN3 +3,+5,+5,+5, LN3 +1,+7,+8,+9, HN3 +3,+9,+4,+6
CN4 +7,+8,+2,+1, LN4 +5,+0,+5,+5, HN4 +7,+2,+1,+2
NS1 NOT VALID
CN0 +1,+6,+4,+7, LN0 +9,+8,+7,+1, HN0 +1,+0,+3,+8
CN1 +5,+9,+1,+3, LN1 +3,+1,+4,+7, HN1 +5,+3,+0,+4
CN2 +9,+2,+8,+9, LN2 +7,+4,+1,+3, HN2 +9,+6,+7,+0
CN3 +3,+5,+5,+5, LN3 +1,+7,+8,+9, HN3 +3,+9,+4,+6
CN4 +7,+8,+2,+1, LN4 +5,+0,+5,+5, HN4 +7,+2,+1,+2
NS1 NOT VALID
CN0 +1,+6,+4,+7, LN0 +9,+8,+7,+1, HN0 +1,+0,+3,+8
CN1 +5,+9,+1,+3, LN1 +3,+1,+4,+7, HN1 +5,+3,+0,+4
CN2 +9,+2,+8,+9, LN2 +7,+4,+1,+3, HN2 +9,+6,+7,+0
CN3 +3,+5,+5,+5, LN3 +1,+7,+8,+9, HN3 +3,+9,+4,+6
CN4 +7,+8,+2,+1, LN4 +5,+0,+5,+5, HN4 +7,+2,+1,+2
NS1 NOT VALID
CN0 +1,+6,+4,+7, LN0 +9,+8,+7,+1, HN0 +1,+0,+3,+8
CN1 +5,+9,+1,+3, LN1 +3,+1,+4,+7, HN1 +5,+3,+0,+4
CN2 +9,+2,+8,+9, LN2 +7,+4,+1,+3, HN2 +9,+6,+7,+0
CN3 +3,+5,+5,+5, LN3 +1,+7,+8,+9, HN3 +3,+9,+4,+6
CN4 +7,+8,+2,+1, LN4 +5,+0,+5,+5, HN4 +7,+2,+1,+2
NS1 NOT VALID
CN0 +1,+6,+4,+7, LN0 +9,+8,+7,+1, HN0 +1,+0,+3,+8
CN1 +5,+9,+1,+3, LN1 +3,+1,+4,+7, HN1 +5,+3,+0,+4
CN2 +9,+2,+8,+9, LN2 +7,+4,+1,+3, HN2 +9,+6,+7,+0
CN3 +3,+5,+5,+5, LN3 +1,+7,+8,+9, HN3 +3,+9,+4,+6
CN4 +7,+8,+2,+1, LN4 +5,+0,+5,+5, HN4 +7,+2,+1,+2
